active
uint8_t loveProvider[1][80] {
    {1, 26,
     127,68,50, 127,70,50, 127,71,50, 127,75,50,
     127,73,50, 127,71,50, 127,73,150, 127,68,50, 
     127,70,50, 127,71,150, 127,68,50, 127,70,50,
     127,66,200,127,68,50, 127,70,50, 127,71,50, 
     127,75,50, 127,73,50, 127,71,50, 127,73,150,
     127,68,50, 127,70,50, 127,71,150,127,73,50,
     127,75,50,127,70,200
     }
   };
   
ambient
uint8_t ambient1[1][62] {
    {1, 20,
     127,64,86, 127,66,86, 127,67,87, 127,71,88,
     127,66,89, 127,67,90, 127,66,90, 127,64,91, 
     127,64,93, 127,66,94, 127,67,94, 127,66,95,
     127,67,95, 127,69,96, 127,67,97, 127,69,97,
     127,71,98,127,69,100, 127,71,101,127,72,101
     }
   };
   
 uint8_t ambient2[2][50] {
    {124, 16,
     127,80,50, 127,80,50, 127,80,50, 127,80,50,
     127,80,50, 127,80,50, 127,60,150, 127,60,50, 
     127,60,50, 127,60,50, 127,60,50, 127,80,50,
     127,80,50,127,80,50, 127,80,50, 127,80,50, 
     },
     {92, 16,
     127,80,50, 127,80,50, 127,80,50, 127,80,50,
     127,80,50, 127,80,50, 127,60,150, 127,60,50, 
     127,60,50, 127,60,50, 127,60,50, 127,80,50,
     127,80,50,127,80,50, 127,80,50, 127,80,50, 
     }
   }; 
   
uint8_t ambient3[2][61] {
    {113, 3,
     127,90,150, 127,90,150, 127,90,150
     },
     {123, 3,
     127,80,200, 127,80,200, 127,80,200
     }
   }; 
   
 startle
 uint8_t startle[1][50] {
    {125, 16,
     127,80,50, 127,80,50, 127,80,50, 127,80,50,
     127,80,50, 127,80,50, 127,60,150, 127,60,50, 
     127,60,50, 127,60,50, 127,60,50, 127,80,50,
     127,80,50,127,80,50, 127,80,50, 127,80,50, 
     }
   };